
[ColorVars]
ColorSearch=0x00FF00
TargetPaintX=731.217167
TargetPaintY=508.694733
