
[ColorVars]
ColorSearch=0x00FF00
TargetPaintX=799.844487
TargetPaintY=466.805168
