[ColorVars]
ColorSearch=0x00FF00
TargetPaintX=698.368142
TargetPaintY=448.107343