[ColorVars]
ColorSearch=0x00FF00
TargetPaintX=698.368142
TargetPaintY=448.107343
[ColorVars]
ColorSearch=0x0000FF
TargetPaintX=538.368827
TargetPaintY=612.851810
