
[ColorVars]
ColorSearch=0x0000FF
TargetPaintX=500.443438
TargetPaintY=643.959456
