
[ColorVars]
ColorSearch=0xCA00D2
TargetPaintX=560.730475
TargetPaintY=296.621192
